M 34.78,28.21
C 36.41,24.10 46.02,20.56 48.05,26.13
49.46,29.98 45.81,31.02 44.59,34.13
43.55,36.80 44.68,51.49 46.60,53.40
48.27,55.07 50.83,54.92 53.00,55.00
52.95,56.80 53.07,58.81 52.18,60.45
50.95,62.71 44.13,67.06 41.43,62.69
39.35,59.31 40.00,45.57 40.00,41.00
40.00,41.00 37.00,42.00 37.00,42.00
36.56,35.76 33.22,32.11 34.78,28.21 Z
M 120.00,30.65
C 122.17,27.56 131.48,25.33 136.81,29.01
139.60,30.93 142.14,34.20 138.00,36.00
138.00,36.00 142.00,44.00 142.00,44.00
136.52,43.56 136.02,42.69 132.00,39.00
132.00,39.00 135.55,48.96 135.55,48.96
135.55,48.96 138.49,55.00 138.49,55.00
138.49,55.00 137.00,65.00 137.00,65.00
132.67,64.66 132.58,64.49 130.00,61.00
127.67,64.70 121.16,66.77 117.44,63.40
114.61,60.65 114.40,54.32 117.44,51.50
118.51,50.34 120.44,49.45 122.00,48.92
124.86,47.95 127.06,48.03 130.00,48.00
129.95,35.07 127.29,38.22 119.00,40.00
119.11,37.67 118.77,32.38 120.00,30.65 Z
M 148.00,27.00
C 148.00,27.00 150.00,30.00 150.00,30.00
151.13,27.29 151.13,27.55 154.00,27.00
153.92,35.37 152.40,36.37 152.36,38.58
152.36,38.58 153.49,43.93 153.49,43.93
154.04,52.79 150.34,49.46 156.00,62.00
156.00,62.00 147.00,65.00 147.00,65.00
147.00,65.00 146.37,55.00 146.37,55.00
146.37,55.00 146.37,49.09 146.37,49.09
146.37,49.09 145.32,43.83 145.32,43.83
145.32,43.83 146.00,27.00 146.00,27.00
146.00,27.00 148.00,27.00 148.00,27.00 Z
M 133.00,32.00
C 133.00,32.00 130.00,29.00 130.00,29.00
130.00,29.00 133.00,32.00 133.00,32.00 Z
M 133.00,32.00
C 133.00,32.00 134.00,33.00 134.00,33.00
134.00,33.00 134.00,32.00 134.00,32.00
134.00,32.00 133.00,32.00 133.00,32.00 Z
M 176.83,58.00
C 177.04,55.27 176.51,49.14 172.13,51.74
166.93,54.83 170.97,62.23 166.70,64.96
165.03,66.03 162.62,65.80 161.92,63.71
160.98,60.87 163.93,57.64 163.30,54.02
162.73,50.74 160.20,49.46 158.97,47.55
157.60,45.42 157.06,41.51 157.08,39.00
157.10,35.75 158.83,28.55 163.00,33.00
163.00,33.00 170.00,32.00 170.00,32.00
169.79,38.40 168.93,38.19 163.00,40.00
163.00,40.00 166.00,46.00 166.00,46.00
172.64,40.43 181.21,39.05 182.00,50.00
182.00,50.00 186.05,49.00 186.05,49.00
186.05,49.00 186.05,52.83 186.05,52.83
186.05,52.83 180.69,62.98 180.69,62.98
180.69,62.98 176.00,64.00 176.00,64.00
176.00,64.00 176.83,58.00 176.83,58.00 Z
M 133.00,35.00
C 133.00,35.00 134.00,36.00 134.00,36.00
134.00,36.00 134.00,35.00 134.00,35.00
134.00,35.00 133.00,35.00 133.00,35.00 Z
M 130.00,36.00
C 130.00,36.00 131.00,37.00 131.00,37.00
131.00,37.00 131.00,36.00 131.00,36.00
131.00,36.00 130.00,36.00 130.00,36.00 Z
M 134.00,36.00
C 134.00,36.00 135.00,37.00 135.00,37.00
135.00,37.00 135.00,36.00 135.00,36.00
135.00,36.00 134.00,36.00 134.00,36.00 Z
M 163.00,36.00
C 163.00,36.00 164.00,37.00 164.00,37.00
164.00,37.00 164.00,36.00 164.00,36.00
164.00,36.00 163.00,36.00 163.00,36.00 Z
M 140.00,41.00
C 140.00,41.00 136.00,37.00 136.00,37.00
136.00,37.00 140.00,41.00 140.00,41.00 Z
M 162.00,37.00
C 162.00,37.00 163.00,38.00 163.00,38.00
163.00,38.00 163.00,37.00 163.00,37.00
163.00,37.00 162.00,37.00 162.00,37.00 Z
M 85.02,39.60
C 86.57,37.62 93.49,38.07 96.00,38.00
96.00,38.00 94.00,44.00 94.00,44.00
98.48,42.91 104.07,41.84 107.26,46.15
110.28,50.22 107.28,51.34 113.00,55.00
111.93,58.07 112.07,57.93 109.00,59.00
108.74,62.08 107.64,66.90 104.00,63.00
99.07,64.85 86.50,66.80 91.01,57.00
91.59,55.74 92.24,55.07 93.00,54.00
82.75,53.16 83.32,41.78 85.02,39.60 Z
M 70.95,42.82
C 76.23,44.47 78.45,55.36 75.83,59.86
73.83,63.28 67.71,64.67 64.00,64.90
54.79,65.47 55.79,59.89 54.63,54.00
54.09,51.27 52.83,48.84 53.78,46.02
55.43,41.11 60.40,39.49 65.00,39.00
65.00,39.00 65.00,42.82 65.00,42.82
66.99,42.54 68.91,41.93 70.95,42.82 Z
M 92.00,40.00
C 92.00,40.00 93.00,41.00 93.00,41.00
93.00,41.00 93.00,40.00 93.00,40.00
93.00,40.00 92.00,40.00 92.00,40.00 Z
M 61.00,41.00
C 61.00,41.00 62.00,42.00 62.00,42.00
62.00,42.00 62.00,41.00 62.00,41.00
62.00,41.00 61.00,41.00 61.00,41.00 Z
M 86.00,41.00
C 86.00,41.00 87.00,42.00 87.00,42.00
87.00,42.00 87.00,41.00 87.00,41.00
87.00,41.00 86.00,41.00 86.00,41.00 Z
M 162.00,46.00
C 162.00,46.00 163.00,47.00 163.00,47.00
163.00,47.00 163.00,46.00 163.00,46.00
163.00,46.00 162.00,46.00 162.00,46.00 Z
M 95.00,52.00
C 95.00,52.00 102.00,51.00 102.00,51.00
99.01,46.35 96.05,46.04 95.00,52.00 Z
M 188.06,59.83
C 188.44,56.37 187.03,52.58 190.31,50.09
193.57,47.62 197.28,48.47 200.83,48.11
200.83,48.11 206.05,47.16 206.05,47.16
207.72,47.14 209.47,47.45 210.01,49.29
210.43,50.76 209.32,54.21 209.13,56.00
208.56,61.31 210.63,72.81 206.69,76.49
202.66,80.25 188.94,78.68 185.60,74.61
184.12,72.80 184.18,71.17 184.00,69.00
184.00,69.00 188.06,69.00 188.06,69.00
186.51,62.65 187.67,64.49 188.06,59.83 Z
M 66.90,59.38
C 71.41,57.70 73.14,49.09 65.05,49.66
58.19,53.68 61.21,61.51 66.90,59.38 Z
M 120.00,59.00
C 125.56,58.54 126.35,57.51 127.00,52.00
122.49,53.56 121.39,54.38 120.00,59.00 Z
M 198.87,58.63
C 201.91,58.01 203.28,53.45 197.12,53.49
191.93,56.06 195.76,59.26 198.87,58.63 Z
M 96.00,60.00
C 99.01,59.04 100.04,58.01 101.00,55.00
97.53,56.11 97.11,56.53 96.00,60.00 Z
M 193.00,65.00
C 193.00,65.00 193.00,69.00 193.00,69.00
199.18,65.66 199.19,66.33 205.00,70.00
205.00,70.00 204.00,63.00 204.00,63.00
204.00,63.00 193.00,65.00 193.00,65.00 Z
M 188.00,69.00
C 188.00,69.00 189.00,70.00 189.00,70.00
189.00,70.00 189.00,69.00 189.00,69.00
189.00,69.00 188.00,69.00 188.00,69.00 Z
M 189.00,71.00
C 189.00,71.00 190.00,72.00 190.00,72.00
190.00,72.00 190.00,71.00 190.00,71.00
190.00,71.00 189.00,71.00 189.00,71.00 Z
M 190.00,72.00
C 190.00,72.00 191.00,73.00 191.00,73.00
191.00,73.00 191.00,72.00 191.00,72.00
191.00,72.00 190.00,72.00 190.00,72.00 Z
M 190.00,75.00
C 190.00,75.00 191.00,76.00 191.00,76.00
191.00,76.00 191.00,75.00 191.00,75.00
191.00,75.00 190.00,75.00 190.00,75.00 Z